$ANSIBLE_VAULT;1.1;AES256
36366439613762393661393264356562323535306633326636356633623264336561633962666133
3865376565306365663432613263663136653530326433310a343765393536616466393232396632
34333434633139356234353935383162333862353733336166323734623738366630303933623661
6636633434323566610a333165376235363936626331656531353962363266353866333262626439
39376235656362393239346532383539383639316561376436383964666534616330396664346439
66346365396365663662336336346238643466373563323539656235656131363337373238656366
39366635343735373563303335336232363132376331663032313932666165306661646137613439
61363830393361346235613363643532393865336433333431643932366233626631396661343130
65643863346233666661393035353465633538383963343963616233663834653266396638393832
30656164386639343939333230333963663239343230666534383532643063326638633633613338
35636134653031343962633239393864393863656139653139306136646562383631323963626432
66313539363762613335393039353530326438316463636563366531616134663066613366323437
63396562323961663737633735326232643464333065646631613262643365616337613735396635
30666364363965303264666134613334336339346535356132633235343833633932363266333437
62313161616638393636396561323034356636643837336364356532643463626436396463336361
30633631343638633561363933386235623437633064343162343837376233393833343238633166
34616465626337623037316336346531653737393831316533393566613461616237306433653061
62383630633030333062306561653734313239383265383162643330656339656231373662383434
62333634363432646238316563363262316662653530633031306266363431663037323230623663
65636530393632613465353530323832613339376231366661346463373334363230366633323937
33376632666433373161393139313034633366326336396536396336636533356137623866646333
62316263393261313632303762643931313964643161333134386461363836303333393534323838
34616664353266396562303839303530643366366264343161383261373636326530626230626664
62363831346365383331396363653739383433306337336336656565633230366637323862633433
66353934313966366365313733626138356564626233383934383363366263383339
